idvenda,idvendedor,idcliente,data,total
1,1,1,2016-01-01,8053.60
2,6,185,2016-01-01,150.40
3,7,31,2016-02-01,6087.00
4,5,1,2016-02-01,13828.60
5,8,120,2016-03-01,26096.66
6,9,74,2016-04-01,18402.00
7,9,191,2016-06-01,7524.20
8,6,2,2016-06-01,12036.60
9,7,91,2016-06-01,2804.75
10,2,202,2016-06-01,8852.00
11,1,3,2016-08-01,16545.25
12,7,32,2016-09-01,11411.88
13,4,136,2016-10-01,15829.70
14,3,249,2016-12-01,6154.36
15,4,5,2016-12-01,3255.08
16,7,192,2017-01-01,2901.25
17,2,79,2017-01-01,15829.70
18,10,136,2017-02-01,16996.36
19,10,191,2017-02-01,155.00
20,9,218,2017-03-03,131.75
21,3,192,2017-05-03,2521.10
22,2,74,2017-05-03,7652.04
23,2,54,2017-05-03,2955.00
24,1,173,2017-06-03,274.55
25,2,58,2017-07-04,11290.19
26,2,74,2017-09-03,8979.84
27,9,233,2017-09-03,3540.83
28,7,191,2017-10-03,2260.58
29,1,249,2017-10-03,5910.00
30,4,218,2017-11-03,7128.70
31,9,249,2017-11-03,4711.47
32,3,79,2017-12-04,14284.70
33,4,58,2017-12-04,8940.98
34,4,74,2017-12-04,15822.40
35,1,233,2018-02-03,263.08
36,2,89,2018-03-05,18838.35
37,7,192,2018-03-05,6510.16
38,2,202,2018-03-05,9201.00
39,6,233,2018-03-05,4780.74
40,5,31,2018-05-06,5932.00
41,2,249,2018-06-05,2989.15
42,1,105,2018-06-05,13080.03
43,3,218,2016-01-02,306.58
44,2,185,2016-02-02,7524.20
45,1,89,2016-02-02,115.00
46,8,58,2016-03-02,7296.08
47,4,100,2016-05-02,21155.46
48,10,173,2016-08-02,5865.00
49,4,105,2016-09-02,5922.51
50,1,58,2016-09-02,2857.40
51,4,5,2016-09-02,5858.37
52,3,120,2016-10-02,8500.97
53,7,185,2016-10-02,12096.56
54,1,185,2016-11-02,7753.70
55,2,191,2016-11-02,13940.17
56,2,115,2016-12-02,11112.58
57,8,74,2017-01-02,13018.60
58,3,115,2017-01-02,169.20
59,9,79,2017-02-02,11364.30
60,4,136,2017-02-02,7901.00
61,2,105,2017-03-04,8280.90
62,10,74,2017-07-05,3616.75
63,10,191,2017-08-04,7820.85
64,7,218,2017-09-04,358.34
65,3,54,2017-09-04,2609.08
66,8,27,2017-09-04,3886.50
67,4,191,2017-10-04,6678.50
68,5,31,2017-12-05,3838.61
69,3,105,2017-12-05,18072.90
70,5,58,2017-12-05,114.75
71,3,120,2018-01-04,2009.40
72,4,74,2018-03-06,15424.04
73,3,89,2018-03-06,7038.77
74,7,32,2018-03-06,127.84
75,10,91,2018-04-06,9007.00
76,10,202,2016-02-03,10737.00
77,2,89,2016-04-03,9201.00
78,3,100,2016-04-03,91.80
79,4,120,2016-04-03,13206.80
80,6,54,2016-04-03,7233.50
81,7,58,2016-07-03,20543.44
82,9,185,2016-08-03,15377.27
83,8,54,2016-09-03,7196.40
84,9,192,2016-10-03,8280.90
85,7,233,2016-11-03,13705.84
86,2,185,2016-12-03,389.55
87,6,100,2017-01-03,8368.88
88,2,233,2017-02-03,11820.24
89,7,218,2017-02-03,11818.00
90,4,115,2017-03-05,7205.75
91,4,16,2017-03-05,103.28
92,10,79,2017-05-05,5163.00
93,9,186,2017-05-05,7038.77
94,8,31,2017-06-05,6766.75
95,6,105,2017-06-05,213.50
96,10,27,2017-07-06,17165.79
97,6,54,2017-11-05,143.82
98,1,27,2017-11-05,17818.75
99,7,249,2017-11-05,4805.28
100,2,249,2017-11-05,2642.82
101,1,120,2018-04-07,233.58
102,10,47,2018-05-08,155.00
103,2,89,2018-06-07,2428.79
104,5,233,2018-06-07,29307.48
105,4,249,2016-01-04,20338.43
106,4,16,2016-01-04,6771.78
107,7,115,2016-02-04,5631.01
108,9,27,2016-04-04,207.00
109,10,89,2016-05-04,16561.80
110,4,31,2016-10-04,21357.00
111,9,191,2016-11-04,3048.80
112,2,218,2016-12-04,12123.48
113,3,218,2017-01-04,9310.66
114,5,191,2017-01-04,18413.60
115,10,202,2017-01-04,498.73
116,9,100,2017-02-04,2847.78
117,5,58,2017-02-04,155.00
118,8,15,2017-04-06,159.80
119,3,105,2017-05-06,159.80
120,7,47,2017-05-06,4640.00
121,6,47,2017-05-06,17527.65
122,3,47,2017-06-06,3289.00
123,9,58,2017-06-06,20082.85
124,5,74,2017-07-07,15911.45
125,4,74,2017-08-06,6509.30
126,6,105,2017-09-06,506.70
127,4,186,2017-09-06,5532.42
128,8,89,2017-10-06,5180.60
129,1,173,2017-11-06,2242.35
130,7,218,2017-11-06,5786.80
131,8,218,2018-01-06,16184.67
132,10,218,2018-02-06,3086.75
133,3,218,2018-02-06,219.25
134,5,218,2018-05-09,10831.11
135,10,100,2018-05-09,2914.16
136,2,15,2018-05-09,10384.85
137,8,249,2016-01-05,139.50
138,6,74,2016-01-05,2521.10
139,3,185,2016-03-05,8514.01
140,2,105,2016-04-05,6509.30
141,10,191,2016-05-05,12817.75
142,5,191,2016-05-05,5453.55
143,8,105,2016-05-05,5609.60
144,2,192,2016-06-05,115.06
145,2,192,2016-06-05,10199.50
146,10,31,2016-06-05,2464.60
147,4,15,2016-08-05,9321.80
148,6,115,2016-09-05,7360.80
149,5,16,2016-09-05,291.55
150,9,191,2016-10-05,6697.30
151,5,105,2017-01-05,4386.75
152,1,47,2017-02-05,2135.52
153,1,100,2017-02-05,5315.44
154,3,15,2017-02-05,7990.05
155,10,120,2017-03-07,159.80
156,7,91,2017-05-07,18786.84
157,10,89,2017-05-07,11349.63
158,6,115,2017-06-07,5593.40
159,1,58,2017-07-08,2268.99
160,3,249,2017-07-08,19528.45
161,2,186,2017-10-07,10178.74
162,9,89,2017-11-07,13570.57
163,2,173,2017-12-08,3207.57
164,4,249,2018-02-07,9122.82
165,5,58,2018-03-09,8966.75
166,1,54,2018-04-09,9201.00
167,9,120,2018-04-09,2521.10
168,3,100,2018-06-09,496.40
169,4,249,2018-06-09,131.75
170,2,120,2018-06-09,310.00
171,10,115,2018-06-09,3837.95
172,5,115,2016-02-06,28660.30
173,6,58,2016-04-06,21471.75
174,8,47,2016-06-06,6509.30
175,6,185,2016-08-06,159.80
176,9,91,2016-09-06,4780.45
177,10,233,2016-12-06,3398.90
178,10,191,2017-03-08,121.50
179,10,89,2017-03-08,16959.20
180,8,192,2017-03-08,5180.60
181,9,115,2017-03-08,13158.10
182,2,192,2017-04-08,3289.00
183,6,31,2017-04-08,3448.03
184,3,91,2017-05-08,2016.88
185,9,115,2017-05-08,20345.23
186,2,191,2017-05-08,169.20
187,6,185,2017-05-08,9413.50
188,7,115,2017-07-09,8852.00
189,4,218,2017-08-08,7674.60
190,5,120,2017-09-08,15531.90
191,6,47,2017-12-09,188.00
192,5,192,2018-01-08,387.70
193,5,173,2018-02-08,17466.93
194,10,202,2018-03-10,16561.80
195,7,79,2018-04-10,7348.25
196,1,54,2018-05-11,139.50
197,2,136,2018-06-10,22751.40
198,2,233,2016-03-07,9446.44
199,5,32,2016-04-07,10618.95
200,3,47,2016-05-07,7793.00
201,2,120,2016-05-07,8510.00
202,8,115,2016-05-07,3110.00
203,6,89,2016-06-07,92.00
204,9,27,2016-06-07,5552.58
205,9,136,2016-06-07,10021.88
206,8,185,2016-06-07,7094.78
207,6,115,2016-09-07,491.58
208,4,218,2016-10-07,7492.00
209,9,31,2016-11-07,2652.85
210,2,100,2016-11-07,103.50
211,10,32,2016-12-07,9322.50
212,10,202,2017-01-07,4917.36
213,10,100,2017-03-09,5858.37
214,8,218,2017-04-09,206.56
215,2,218,2017-04-09,4521.16
216,4,100,2017-05-09,3893.25
217,1,74,2017-06-09,2955.00
218,4,31,2017-06-09,7007.26
219,10,54,2017-07-10,14416.40
220,1,31,2017-08-09,7524.20
221,4,32,2017-09-09,11168.60
222,3,218,2017-11-09,230.00
223,9,79,2018-01-09,19416.16
224,10,185,2018-01-09,7820.85
225,3,79,2018-03-11,7312.80
226,7,173,2018-04-11,2955.00
227,9,233,2018-04-11,16062.00
228,6,89,2018-06-11,15048.40
229,10,100,2016-02-08,17567.10
230,8,185,2016-05-08,25146.85
231,8,185,2016-06-08,97.75
232,7,91,2016-06-08,5910.00
233,2,32,2016-09-08,12535.90
234,2,173,2016-09-08,217.80
235,7,233,2016-09-08,175.96
236,3,31,2016-10-08,18312.68
237,2,185,2016-10-08,2588.08
238,3,185,2016-11-08,16108.03
239,5,16,2016-11-08,15482.45
240,6,233,2016-12-08,3955.25
241,3,115,2016-12-08,10973.53
242,2,79,2016-12-08,2268.99
243,5,233,2017-03-10,169.20
244,1,192,2017-03-10,22711.68
245,1,100,2017-04-10,4449.95
246,7,185,2017-04-10,229.50
247,5,185,2017-04-10,97.20
248,6,32,2017-06-10,26852.87
249,6,115,2017-06-10,6075.82
250,1,79,2017-08-10,10409.36
251,6,162,2017-08-10,13814.22
252,3,84,2017-09-10,13295.00
253,10,107,2017-10-10,8976.80
254,3,2,2017-10-10,5782.68
255,1,81,2017-10-10,7997.20
256,3,63,2017-11-10,19438.51
257,10,188,2018-01-10,3984.50
258,8,14,2018-02-10,7360.80
259,1,162,2018-02-10,6063.75
260,5,77,2018-03-12,15451.00
261,9,25,2018-07-13,15346.92
262,3,181,2016-02-09,97.75
263,2,180,2016-04-09,16230.02
264,1,187,2016-05-09,20935.38
265,8,53,2016-05-09,165.24
266,9,239,2016-06-09,6206.80
267,3,107,2016-07-09,9201.00
268,1,56,2016-08-09,215.80
269,8,133,2016-09-09,8636.90
270,8,153,2016-10-09,2701.83
271,8,131,2016-11-09,3317.50
272,2,217,2016-12-09,263.08
273,10,65,2017-01-09,2511.75
274,10,147,2017-03-11,5932.00
275,5,46,2017-04-11,115.00
276,6,36,2017-05-11,8852.00
277,7,46,2017-06-11,175.96
278,10,126,2017-06-11,324.20
279,9,238,2017-07-12,8955.50
280,9,232,2017-10-11,3255.08
281,5,238,2017-12-12,11676.09
282,1,39,2018-01-11,7778.70
283,3,242,2018-01-11,2905.90
284,5,140,2018-01-11,7010.78
285,7,51,2018-02-11,2268.99
286,10,145,2018-02-11,15416.98
287,10,42,2018-02-11,4255.00
288,7,75,2018-03-13,7658.00
289,10,30,2018-04-13,439.20
290,1,154,2018-04-13,11488.10
291,3,106,2018-05-14,4358.28
292,7,5,2018-05-14,13543.56
293,9,195,2016-01-10,7932.45
294,2,112,2016-02-10,12682.50
295,3,83,2016-02-10,6683.79
296,5,237,2016-06-10,12167.00
297,6,52,2016-07-10,3131.90
298,5,141,2016-09-10,6771.78
299,9,152,2016-10-10,4836.70
300,5,142,2016-12-10,121.50
301,1,83,2017-01-10,2511.75
302,3,203,2017-01-10,8852.00
303,1,236,2017-03-12,16561.80
304,4,96,2017-03-12,3616.75
305,3,33,2017-04-12,210.80
306,5,36,2017-04-12,7935.60
307,10,75,2017-04-12,135.00
308,1,227,2017-05-12,7674.60
309,9,35,2017-06-12,2656.10
310,2,84,2017-06-12,13522.61
311,7,114,2017-08-12,10126.05
312,2,19,2017-10-12,2656.10
313,10,24,2017-10-12,2618.85
314,1,210,2017-11-12,3255.08
315,4,215,2018-01-12,115.00
316,4,14,2018-01-12,253.58
317,3,134,2018-02-12,5023.50
318,9,40,2018-02-12,2503.56
319,9,176,2018-02-12,5790.81
320,2,203,2018-03-14,29180.40
321,6,104,2018-03-14,2770.03
322,9,190,2018-04-14,8060.43
323,9,63,2018-04-14,6369.38
324,8,246,2018-07-15,3080.75
325,10,20,2018-07-15,2375.58
326,4,196,2016-01-11,7659.00
327,9,180,2016-01-11,2757.38
328,3,68,2016-01-11,19966.60
329,2,149,2016-02-11,8435.90
330,1,156,2016-02-11,8017.88
331,1,21,2016-02-11,12075.85
332,7,126,2016-03-11,12293.96
333,3,97,2016-04-11,251.80
334,5,141,2016-05-11,8852.00
335,5,116,2016-07-11,2771.10
336,5,3,2016-07-11,10658.90
337,1,232,2016-09-11,143.82
338,6,30,2016-09-11,7627.70
339,3,101,2016-10-11,19527.80
340,5,144,2016-11-11,159.80
341,2,78,2016-12-11,13038.10
342,6,241,2016-12-11,7183.75
343,9,231,2017-01-11,247.32
344,9,96,2017-03-13,9872.38
345,10,52,2017-04-13,105.40
346,6,219,2017-04-13,32495.40
347,5,203,2017-05-13,8510.00
348,10,127,2017-05-13,3829.50
349,10,162,2017-07-14,319.60
350,5,72,2017-07-14,2511.75
351,2,17,2017-09-13,103.50
352,9,224,2017-10-13,2669.40
353,4,117,2017-10-13,10008.20
354,4,198,2017-10-13,14746.26
355,5,5,2017-11-13,27016.24
356,7,124,2017-11-13,6027.57
357,6,230,2017-12-14,422.78
358,2,101,2017-12-14,20613.18
359,4,243,2018-01-13,220.40
360,1,52,2018-01-13,253.94
361,8,171,2018-01-13,229.75
362,6,230,2018-01-13,12161.90
363,5,138,2018-04-15,2955.00
364,6,177,2018-05-16,324.20
365,9,42,2018-06-15,10634.02
366,7,182,2018-06-15,10614.00
367,3,116,2016-01-12,13110.60
368,3,160,2016-02-12,169.20
369,3,108,2016-02-12,8241.60
370,3,237,2016-03-12,7130.57
371,5,172,2016-04-12,6509.30
372,7,245,2016-04-12,5766.83
373,7,67,2016-05-12,2260.58
374,1,5,2016-05-12,17096.16
375,6,35,2016-06-12,3060.40
376,7,178,2016-09-12,12130.40
377,9,200,2016-10-12,9064.50
378,8,8,2016-10-12,155.00
379,7,75,2016-11-12,13671.08
380,9,225,2016-12-12,14418.77
381,4,208,2016-12-12,8510.00
382,7,1,2017-01-12,9379.44
383,7,228,2017-01-12,2648.94
384,10,106,2017-02-12,194.40
385,5,60,2017-03-14,18402.00
386,8,38,2017-04-14,4376.50
387,8,156,2017-05-14,253.58
388,8,126,2017-06-14,490.88
389,8,148,2017-07-15,13439.78
390,7,238,2017-08-14,103.28
391,10,33,2017-08-14,5932.00
392,9,156,2017-08-14,8901.60
393,4,168,2017-09-14,16618.98
394,2,49,2017-09-14,8435.90
395,10,42,2017-10-14,14058.80
396,2,103,2017-11-14,10415.38
397,2,65,2017-11-14,16995.20
398,1,238,2017-12-15,5183.30
399,4,62,2018-01-14,14592.63
400,6,224,2018-04-16,18402.00
