chavevendas,chavevendedor,chavecliente,chaveproduto,chavetempo,quantidade,valorunitario,valortotal,valordesconto
1,6,185,8,16802,1,150.40,150.40,1.50
2,1,251,2,16802,1,7820.85,7820.85,0.00
3,1,251,9,16802,1,97.75,97.75,0.98
4,1,251,10,16802,1,135.00,135.00,1.35
5,3,218,7,16803,1,118.58,118.58,0.00
6,3,218,8,16803,1,188.00,188.00,1.88
7,4,16,1,16805,1,6771.78,6771.78,270.87
8,4,249,1,16805,2,7524.20,15048.40,451.45
9,4,249,5,16805,1,2521.10,2521.10,50.42
10,4,249,6,16805,1,2511.75,2511.75,50.24
11,4,249,8,16805,1,169.20,169.20,8.46
12,4,249,9,16805,1,87.98,87.98,3.52
13,6,74,5,16806,1,2521.10,2521.10,151.27
14,8,249,7,16806,1,139.50,139.50,4.19
15,9,195,2,16811,1,7820.85,7820.85,1251.34
16,9,195,7,16811,1,111.60,111.60,13.39
17,3,68,2,16812,1,7820.85,7820.85,1720.59
18,3,68,3,16812,1,4255.00,4255.00,1233.95
19,3,68,4,16812,1,7658.00,7658.00,1991.08
20,3,68,9,16812,1,97.75,97.75,24.44
21,3,68,10,16812,1,135.00,135.00,36.45
22,9,180,5,16812,1,2669.40,2669.40,640.66
23,9,180,9,16812,1,87.98,87.98,17.60
24,4,196,3,16812,2,3829.50,7659.00,1991.34
25,3,116,4,16813,2,6509.30,13018.60,4816.88
26,3,116,9,16813,1,92.00,92.00,34.96
27,2,79,2,17168,2,7820.85,15641.70,0.00
28,2,79,8,17168,1,188.00,188.00,0.00
29,7,192,6,17168,1,2511.75,2511.75,25.12
30,7,192,7,17168,1,139.50,139.50,0.00
31,7,192,9,17168,1,115.00,115.00,1.15
32,7,192,10,17168,1,135.00,135.00,1.35
33,3,115,8,17169,1,169.20,169.20,1.69
34,8,74,4,17169,2,6509.30,13018.60,0.00
35,6,100,2,17170,1,8280.90,8280.90,331.24
36,6,100,9,17170,1,87.98,87.98,1.76
37,10,202,7,17171,1,118.58,118.58,5.93
38,10,202,8,17171,1,150.40,150.40,6.02
39,10,202,9,17171,1,115.00,115.00,6.90
40,10,202,10,17171,1,114.75,114.75,1.15
41,5,191,1,17171,1,7966.80,7966.80,239.00
42,5,191,3,17171,1,3829.50,3829.50,191.48
43,5,191,4,17171,1,6509.30,6509.30,390.56
44,5,191,10,17171,1,108.00,108.00,2.16
45,3,218,2,17171,1,6256.68,6256.68,375.40
46,3,218,5,17171,1,2966.00,2966.00,88.98
47,3,218,9,17171,1,87.98,87.98,3.52
48,5,105,3,17172,1,4255.00,4255.00,127.65
49,5,105,7,17172,1,131.75,131.75,7.91
50,10,202,6,17174,2,2260.58,4521.16,497.33
51,10,202,8,17174,1,169.20,169.20,20.30
52,10,202,9,17174,1,92.00,92.00,11.04
53,10,202,10,17174,1,135.00,135.00,13.50
54,10,65,6,17176,1,2511.75,2511.75,427.00
55,3,203,1,17177,1,8852.00,8852.00,1947.44
56,1,83,6,17177,1,2511.75,2511.75,552.59
57,9,231,8,17178,1,143.82,143.82,40.27
58,9,231,9,17178,1,103.50,103.50,23.81
59,7,228,5,17179,1,2521.10,2521.10,806.75
60,7,228,8,17179,1,127.84,127.84,37.07
61,7,251,4,17179,1,6892.20,6892.20,2412.27
62,7,251,5,17179,1,2268.99,2268.99,862.22
63,7,251,9,17179,1,103.50,103.50,39.33
64,7,251,10,17179,1,114.75,114.75,33.28
65,3,120,6,17536,1,2009.40,2009.40,0.00
66,8,218,2,17538,1,6256.68,6256.68,250.27
67,8,218,3,17538,2,3829.50,7659.00,306.36
68,8,218,5,17538,1,2268.99,2268.99,68.07
69,5,192,8,17540,1,188.00,188.00,15.04
70,5,192,9,17540,1,78.20,78.20,7.04
71,5,192,10,17540,1,121.50,121.50,8.51
72,10,185,2,17541,1,7820.85,7820.85,782.09
73,9,79,4,17541,2,6509.30,13018.60,1562.23
74,9,79,5,17541,1,2966.00,2966.00,296.60
75,9,79,6,17541,1,2955.00,2955.00,325.05
76,9,79,7,17541,1,155.00,155.00,15.50
77,9,79,9,17541,1,115.00,115.00,11.50
78,9,79,10,17541,2,103.28,206.56,22.72
79,10,188,3,17542,1,3829.50,3829.50,421.25
80,10,188,7,17542,1,155.00,155.00,15.50
81,5,140,4,17543,1,6892.20,6892.20,1378.44
82,5,140,7,17543,1,118.58,118.58,17.79
83,3,242,5,17543,1,2521.10,2521.10,327.74
84,3,242,8,17543,1,159.80,159.80,25.57
85,3,242,9,17543,1,103.50,103.50,19.67
86,3,242,10,17543,1,121.50,121.50,19.44
87,1,39,1,17543,1,7524.20,7524.20,1279.11
88,1,39,7,17543,1,139.50,139.50,18.14
89,1,39,9,17543,1,115.00,115.00,17.25
90,4,14,7,17544,1,118.58,118.58,20.16
91,4,14,10,17544,1,135.00,135.00,28.35
92,4,215,9,17544,1,115.00,115.00,21.85
93,6,230,2,17545,1,9201.00,9201.00,2300.25
94,6,230,5,17545,1,2669.40,2669.40,640.66
95,6,230,8,17545,1,188.00,188.00,48.88
96,6,230,9,17545,1,103.50,103.50,21.74
97,8,171,9,17545,1,115.00,115.00,20.70
98,8,171,10,17545,1,114.75,114.75,28.69
99,1,52,7,17545,1,118.58,118.58,22.53
100,1,52,8,17545,1,135.36,135.36,36.55
101,4,243,7,17545,1,105.40,105.40,26.35
102,4,243,9,17545,1,115.00,115.00,34.50
103,4,62,1,17546,1,6771.78,6771.78,2437.84
104,4,62,2,17546,1,7820.85,7820.85,1955.21
105,5,251,2,16833,1,7820.85,7820.85,0.00
106,5,251,6,16833,2,2955.00,5910.00,59.10
107,5,251,9,16833,1,97.75,97.75,0.98
108,7,31,5,16833,2,2966.00,5932.00,0.00
109,7,31,7,16833,1,155.00,155.00,0.00
110,1,89,9,16834,1,115.00,115.00,0.00
111,2,185,1,16834,1,7524.20,7524.20,0.00
112,10,202,4,16835,1,7658.00,7658.00,382.90
113,10,202,6,16835,1,2955.00,2955.00,118.20
114,10,202,7,16835,1,124.00,124.00,4.96
115,7,115,2,16836,1,5631.01,5631.01,56.31
116,5,115,2,16838,2,7820.85,15641.70,1094.92
117,5,115,4,16838,2,6509.30,13018.60,1301.86
118,10,100,1,16840,1,8852.00,8852.00,1239.28
119,10,100,4,16840,1,6509.30,6509.30,911.30
120,10,100,6,16840,1,2127.60,2127.60,255.31
121,10,100,9,16840,1,78.20,78.20,10.95
122,3,181,9,16841,1,97.75,97.75,19.55
123,3,83,3,16842,1,4255.00,4255.00,723.35
124,3,83,5,16842,1,2268.99,2268.99,317.66
125,3,83,8,16842,1,159.80,159.80,27.17
126,2,112,3,16842,2,3829.50,7659.00,1761.57
127,2,112,6,16842,2,2511.75,5023.50,653.06
128,1,21,2,16843,1,7820.85,7820.85,1955.21
129,1,21,3,16843,1,4255.00,4255.00,1063.75
130,1,156,4,16843,1,7658.00,7658.00,1455.02
131,1,156,8,16843,1,150.40,150.40,30.08
132,1,156,9,16843,1,87.98,87.98,21.12
133,1,156,10,16843,1,121.50,121.50,30.38
134,2,149,2,16843,1,8280.90,8280.90,2318.65
135,2,149,7,16843,1,155.00,155.00,27.90
136,3,108,1,16844,1,7966.80,7966.80,1991.70
137,3,108,8,16844,1,159.80,159.80,49.54
138,3,108,9,16844,1,115.00,115.00,33.35
139,3,160,8,16844,1,169.20,169.20,52.45
140,10,191,7,17199,1,155.00,155.00,1.55
141,10,136,3,17199,2,3616.75,7233.50,0.00
142,10,136,4,17199,1,7658.00,7658.00,76.58
143,10,136,5,17199,1,2016.88,2016.88,0.00
144,10,136,9,17199,1,87.98,87.98,0.88
145,4,136,4,17200,1,7658.00,7658.00,76.58
146,4,136,10,17200,2,121.50,243.00,2.43
147,9,79,1,17200,1,8852.00,8852.00,88.52
148,9,79,5,17200,1,2372.80,2372.80,23.73
149,9,79,7,17200,1,139.50,139.50,0.00
150,7,218,1,17201,1,8852.00,8852.00,177.04
151,7,218,5,17201,1,2966.00,2966.00,88.98
152,2,233,4,17201,2,5858.37,11716.74,234.33
153,2,233,9,17201,1,103.50,103.50,5.18
154,5,58,7,17202,1,155.00,155.00,1.55
155,9,100,5,17202,1,2669.40,2669.40,26.69
156,9,100,9,17202,1,70.38,70.38,2.11
157,9,100,10,17202,1,108.00,108.00,4.32
158,3,15,2,17203,1,7820.85,7820.85,312.83
159,3,15,8,17203,1,169.20,169.20,6.77
160,1,100,4,17203,1,5207.44,5207.44,156.22
161,1,100,10,17203,1,108.00,108.00,4.32
162,1,47,5,17203,1,2135.52,2135.52,64.07
163,10,106,10,17210,2,97.20,194.40,52.49
164,1,233,8,17566,1,159.80,159.80,1.60
165,1,233,10,17566,1,103.28,103.28,1.03
166,3,218,9,17569,1,97.75,97.75,1.96
167,3,218,10,17569,1,121.50,121.50,2.43
168,10,218,6,17569,1,2955.00,2955.00,29.55
169,10,218,7,17569,1,131.75,131.75,2.63
170,4,249,5,17570,2,2966.00,5932.00,355.92
171,4,249,6,17570,1,2955.00,2955.00,206.85
172,4,249,8,17570,1,143.82,143.82,10.07
173,4,249,9,17570,1,92.00,92.00,6.44
174,5,173,2,17571,2,7360.80,14721.60,1472.16
175,5,173,6,17571,1,2511.75,2511.75,226.06
176,5,173,7,17571,1,118.58,118.58,9.49
177,5,173,9,17571,1,115.00,115.00,11.50
178,1,162,5,17573,2,2966.00,5932.00,889.80
179,1,162,7,17573,1,131.75,131.75,18.45
180,8,14,2,17573,1,7360.80,7360.80,809.69
181,10,42,3,17574,1,4255.00,4255.00,510.60
182,10,145,1,17574,2,7524.20,15048.40,2257.26
183,10,145,7,17574,1,118.58,118.58,23.72
184,10,145,9,17574,1,115.00,115.00,20.70
185,10,145,10,17574,1,135.00,135.00,25.65
186,7,51,5,17574,1,2268.99,2268.99,408.42
187,9,176,2,17575,1,5631.01,5631.01,957.27
188,9,176,8,17575,1,159.80,159.80,30.36
189,9,40,6,17575,1,2260.58,2260.58,316.48
190,9,40,7,17575,1,155.00,155.00,34.10
191,9,40,9,17575,1,87.98,87.98,12.32
192,3,134,6,17575,2,2511.75,5023.50,1255.88
193,8,120,1,16862,1,8852.00,8852.00,0.00
194,8,120,3,16862,2,3255.08,6510.16,65.10
195,8,120,4,16862,1,7658.00,7658.00,0.00
196,8,120,6,16862,1,2955.00,2955.00,0.00
197,8,120,10,16862,1,121.50,121.50,1.22
198,8,58,1,16863,1,6771.78,6771.78,67.72
199,8,58,7,16863,1,131.75,131.75,1.32
200,8,58,8,16863,1,159.80,159.80,0.00
201,8,58,9,16863,1,97.75,97.75,0.00
202,8,58,10,16863,1,135.00,135.00,0.00
203,3,185,2,16866,1,8280.90,8280.90,248.43
204,3,185,8,16866,1,135.36,135.36,4.06
205,3,185,9,16866,1,97.75,97.75,5.86
206,2,233,3,16868,1,3829.50,3829.50,268.07
207,2,233,4,16868,1,5207.44,5207.44,416.60
208,2,233,7,16868,1,139.50,139.50,12.56
209,2,233,10,16868,2,135.00,270.00,18.90
210,7,126,3,16872,2,3616.75,7233.50,1663.71
211,7,126,5,16872,2,2268.99,4537.98,862.22
212,7,126,7,16872,1,131.75,131.75,39.53
213,7,126,8,16872,1,188.00,188.00,56.40
214,7,126,9,16872,1,87.98,87.98,24.63
215,7,126,10,16872,1,114.75,114.75,20.66
216,3,237,2,16873,1,7038.77,7038.77,1900.47
217,3,237,10,16873,1,91.80,91.80,34.88
218,9,218,7,17229,1,131.75,131.75,1.32
219,2,105,2,17230,1,8280.90,8280.90,82.81
220,4,16,10,17231,1,103.28,103.28,5.16
221,4,115,4,17231,1,6892.20,6892.20,275.69
222,4,115,7,17231,1,124.00,124.00,2.48
223,4,115,9,17231,1,97.75,97.75,3.91
224,4,115,10,17231,1,91.80,91.80,3.67
225,10,120,8,17233,1,159.80,159.80,7.99
226,9,115,4,17234,2,6509.30,13018.60,1301.86
227,9,115,7,17234,1,139.50,139.50,12.56
228,8,192,5,17234,1,2521.10,2521.10,226.90
229,8,192,6,17234,1,2659.50,2659.50,265.95
230,10,89,1,17234,1,7966.80,7966.80,717.01
231,10,89,5,17234,2,2966.00,5932.00,415.24
232,10,89,6,17234,1,2955.00,2955.00,206.85
233,10,89,7,17234,1,105.40,105.40,7.38
234,10,191,10,17234,1,121.50,121.50,12.15
235,10,100,4,17235,1,5858.37,5858.37,703.00
236,1,192,1,17236,1,6771.78,6771.78,744.90
237,1,192,2,17236,1,8280.90,8280.90,1076.52
238,1,192,3,17236,2,3829.50,7659.00,765.90
239,5,233,8,17236,1,169.20,169.20,18.61
240,10,147,5,17237,2,2966.00,5932.00,830.48
241,4,96,3,17238,1,3616.75,3616.75,831.85
242,1,236,2,17238,2,8280.90,16561.80,2815.51
243,9,96,3,17239,1,3255.08,3255.08,813.77
244,9,96,4,17239,1,6509.30,6509.30,1301.86
245,9,96,10,17239,1,108.00,108.00,20.52
246,5,60,2,17240,2,9201.00,18402.00,5704.62
247,6,233,5,17596,1,2268.99,2268.99,22.69
248,6,233,6,17596,1,2511.75,2511.75,0.00
249,2,202,2,17596,1,9201.00,9201.00,0.00
250,7,192,3,17596,2,3255.08,6510.16,65.10
251,2,89,2,17596,1,7820.85,7820.85,78.21
252,2,89,4,17596,1,7658.00,7658.00,0.00
253,2,89,5,17596,1,2966.00,2966.00,29.66
254,2,89,7,17596,1,155.00,155.00,1.55
255,2,89,9,17596,1,103.50,103.50,1.04
256,2,89,10,17596,1,135.00,135.00,0.00
257,7,32,8,17597,1,127.84,127.84,1.28
258,3,89,2,17597,1,7038.77,7038.77,70.39
259,4,74,1,17597,1,6771.78,6771.78,0.00
260,4,74,2,17597,1,6256.68,6256.68,62.57
261,4,74,6,17597,1,2260.58,2260.58,0.00
262,4,74,10,17597,1,135.00,135.00,1.35
263,5,58,1,17600,1,8852.00,8852.00,265.56
264,5,58,10,17600,1,114.75,114.75,6.89
265,10,202,2,17601,2,8280.90,16561.80,1159.33
266,3,79,3,17602,1,4255.00,4255.00,425.50
267,3,79,5,17602,1,2966.00,2966.00,326.26
268,3,79,10,17602,1,91.80,91.80,11.02
269,5,77,4,17603,2,7658.00,15316.00,1837.92
270,5,77,10,17603,1,135.00,135.00,13.50
271,7,75,4,17604,1,7658.00,7658.00,1072.12
272,6,104,6,17605,1,2511.75,2511.75,602.82
273,6,104,7,17605,1,155.00,155.00,23.25
274,6,104,10,17605,1,103.28,103.28,15.49
275,2,203,1,17605,1,8852.00,8852.00,1858.92
276,2,203,2,17605,2,7820.85,15641.70,2346.26
277,2,203,4,17605,1,4686.70,4686.70,937.34
278,9,74,2,16893,2,9201.00,18402.00,184.02
279,6,54,3,16895,2,3616.75,7233.50,217.01
280,4,120,3,16895,1,3616.75,3616.75,180.84
281,4,120,4,16895,1,6509.30,6509.30,260.37
282,4,120,5,16895,1,2966.00,2966.00,29.66
283,4,120,10,16895,1,114.75,114.75,2.30
284,3,100,10,16895,1,91.80,91.80,1.84
285,2,89,2,16895,1,9201.00,9201.00,460.05
286,9,27,9,16896,2,103.50,207.00,10.35
287,2,105,4,16897,1,6509.30,6509.30,455.65
288,6,58,2,16898,2,9201.00,18402.00,1840.20
289,6,58,6,16898,1,2955.00,2955.00,265.95
290,6,58,10,16898,1,114.75,114.75,10.33
291,5,32,4,16899,1,7658.00,7658.00,765.80
292,5,32,5,16899,1,2669.40,2669.40,266.94
293,5,32,7,16899,1,131.75,131.75,10.54
294,5,32,8,16899,1,159.80,159.80,14.38
295,2,180,3,16901,1,4255.00,4255.00,680.80
296,2,180,4,16901,2,5858.37,11716.74,2109.01
297,2,180,7,16901,1,155.00,155.00,27.90
298,2,180,10,16901,1,103.28,103.28,20.66
299,3,97,8,16903,1,159.80,159.80,44.74
300,3,97,9,16903,1,92.00,92.00,25.76
301,7,245,3,16904,1,3255.08,3255.08,1302.03
302,7,245,6,16904,1,2511.75,2511.75,627.94
303,5,172,4,16904,1,6509.30,6509.30,2017.88
304,4,100,2,16924,2,7820.85,15641.70,156.42
305,4,100,4,16924,1,5513.76,5513.76,55.14
306,10,89,2,16926,2,8280.90,16561.80,331.24
307,8,105,5,16927,2,2669.40,5338.80,160.16
308,8,105,8,16927,1,188.00,188.00,9.40
309,8,105,9,16927,1,82.80,82.80,4.97
310,5,191,5,16927,2,2669.40,5338.80,320.33
311,5,191,10,16927,1,114.75,114.75,8.03
312,10,191,2,16927,1,9201.00,9201.00,552.06
313,10,191,3,16927,1,3616.75,3616.75,180.84
314,8,115,6,16929,1,2955.00,2955.00,295.50
315,8,115,7,16929,1,155.00,155.00,17.05
316,2,120,3,16929,2,4255.00,8510.00,765.90
317,3,47,4,16929,1,7658.00,7658.00,765.80
318,3,47,10,16929,1,135.00,135.00,9.45
319,8,185,1,16930,1,8852.00,8852.00,1150.76
320,8,185,4,16930,2,6509.30,13018.60,1301.86
321,8,185,5,16930,1,2966.00,2966.00,296.60
322,8,185,9,16930,2,97.75,195.50,23.46
323,8,185,10,16930,1,114.75,114.75,16.07
324,8,53,10,16931,2,82.62,165.24,24.79
325,1,187,2,16931,2,8280.90,16561.80,3146.74
326,1,187,3,16931,1,4255.00,4255.00,510.60
327,1,187,7,16931,1,118.58,118.58,15.42
328,5,141,1,16933,1,8852.00,8852.00,2035.96
329,1,255,2,16934,1,9201.00,9201.00,2944.32
330,1,255,4,16934,1,7658.00,7658.00,2527.14
331,1,255,7,16934,2,118.58,237.16,71.15
332,7,67,6,16934,1,2260.58,2260.58,587.75
333,2,202,1,16954,1,8852.00,8852.00,0.00
334,7,91,6,16954,1,2364.00,2364.00,23.64
335,7,91,7,16954,1,155.00,155.00,1.55
336,7,91,8,16954,1,188.00,188.00,1.88
337,7,91,9,16954,1,97.75,97.75,0.98
338,6,252,2,16954,1,7820.85,7820.85,78.21
339,6,252,3,16954,1,3616.75,3616.75,0.00
340,6,252,8,16954,2,188.00,376.00,0.00
341,6,252,9,16954,1,115.00,115.00,1.15
342,6,252,10,16954,1,108.00,108.00,1.08
343,9,191,1,16954,1,7524.20,7524.20,0.00
344,10,31,5,16958,1,2372.80,2372.80,118.64
345,10,31,10,16958,1,91.80,91.80,3.67
346,2,192,3,16958,2,3616.75,7233.50,361.68
347,2,192,5,16958,1,2966.00,2966.00,207.62
348,2,192,8,16958,1,115.06,115.06,4.60
349,8,47,4,16959,1,6509.30,6509.30,650.93
350,8,185,1,16960,1,6771.78,6771.78,744.90
351,8,185,8,16960,1,188.00,188.00,18.80
352,8,185,10,16960,1,135.00,135.00,14.85
353,9,136,2,16960,1,7360.80,7360.80,736.08
354,9,136,6,16960,1,2260.58,2260.58,271.27
355,9,136,8,16960,1,188.00,188.00,22.56
356,9,136,9,16960,1,97.75,97.75,11.73
357,9,136,10,16960,1,114.75,114.75,11.48
358,9,27,6,16960,2,2659.50,5319.00,585.09
359,9,27,7,16960,1,118.58,118.58,13.04
360,9,27,9,16960,1,115.00,115.00,13.80
361,6,89,9,16960,1,92.00,92.00,9.20
362,7,91,6,16961,2,2955.00,5910.00,650.10
363,8,185,9,16961,1,97.75,97.75,14.66
364,9,239,5,16962,2,2966.00,5932.00,1186.40
365,9,239,8,16962,1,159.80,159.80,28.76
366,9,239,9,16962,1,115.00,115.00,18.40
367,5,237,2,16963,1,9201.00,9201.00,1932.21
368,5,237,5,16963,1,2966.00,2966.00,593.20
369,6,35,6,16965,1,2955.00,2955.00,1152.45
370,6,35,7,16965,1,105.40,105.40,37.94
371,7,58,1,16986,1,8852.00,8852.00,531.12
372,7,58,2,16986,1,9201.00,9201.00,276.03
373,7,58,6,16986,1,2260.58,2260.58,45.21
374,7,58,7,16986,1,94.86,94.86,4.74
375,7,58,10,16986,1,135.00,135.00,2.70
376,3,107,2,16992,1,9201.00,9201.00,1472.16
377,6,52,5,16993,1,2669.40,2669.40,533.88
378,6,52,7,16993,1,139.50,139.50,27.90
379,6,52,8,16993,1,188.00,188.00,22.56
380,6,52,10,16993,1,135.00,135.00,20.25
381,5,258,3,16994,2,4255.00,8510.00,2467.90
382,5,258,6,16994,1,2009.40,2009.40,401.88
383,5,258,7,16994,1,139.50,139.50,36.27
384,5,116,5,16994,1,2521.10,2521.10,529.43
385,5,116,9,16994,1,115.00,115.00,23.00
386,5,116,10,16994,1,135.00,135.00,39.15
387,1,258,1,17015,1,7524.20,7524.20,0.00
388,1,258,4,17015,1,6509.30,6509.30,0.00
389,1,258,6,17015,1,2511.75,2511.75,0.00
390,10,173,3,17016,2,2893.40,5786.80,0.00
391,10,173,9,17016,1,78.20,78.20,0.00
392,9,185,1,17017,2,7524.20,15048.40,601.94
393,9,185,8,17017,1,127.84,127.84,3.84
394,9,185,9,17017,1,97.75,97.75,2.93
395,9,185,10,17017,1,103.28,103.28,5.16
396,4,15,3,17019,1,78.20,78.20,4.69
397,4,15,4,17019,1,6509.30,6509.30,455.65
398,4,15,5,17019,1,2521.10,2521.10,126.06
399,4,15,9,17019,1,78.20,78.20,5.47
400,4,15,10,17019,1,135.00,135.00,4.05
401,6,185,8,17020,1,159.80,159.80,14.38
402,1,56,7,17023,1,124.00,124.00,16.12
403,1,56,10,17023,1,91.80,91.80,13.77
404,7,32,1,17046,1,8852.00,8852.00,0.00
405,7,32,6,17046,1,2260.58,2260.58,0.00
406,7,32,7,17046,1,139.50,139.50,0.00
407,7,32,8,17046,1,159.80,159.80,0.00
408,4,255,4,17047,1,5858.37,5858.37,0.00
409,1,58,5,17047,1,2669.40,2669.40,0.00
410,1,58,8,17047,1,188.00,188.00,1.88
411,4,105,2,17047,1,5631.01,5631.01,56.31
412,4,105,8,17047,1,188.00,188.00,0.00
413,4,105,9,17047,1,103.50,103.50,1.04
414,8,54,4,17048,1,6892.20,6892.20,206.77
415,8,54,8,17048,1,169.20,169.20,3.38
416,8,54,10,17048,1,135.00,135.00,2.70
417,5,16,7,17050,1,131.75,131.75,5.27
418,5,16,8,17050,1,159.80,159.80,4.79
419,6,115,2,17050,1,7360.80,7360.80,441.65
420,9,91,5,17051,1,2521.10,2521.10,176.48
421,9,91,6,17051,1,2127.60,2127.60,148.93
422,9,91,7,17051,1,131.75,131.75,10.54
423,6,115,7,17052,1,118.58,118.58,14.23
424,6,115,8,17052,1,159.80,159.80,17.58
425,6,115,9,17052,1,78.20,78.20,9.38
426,6,115,10,17052,1,135.00,135.00,16.20
427,7,233,9,17053,2,87.98,175.96,24.63
428,2,173,9,17053,1,82.80,82.80,9.94
429,2,173,10,17053,1,135.00,135.00,16.20
430,2,32,2,17053,1,8280.90,8280.90,1159.33
431,2,32,3,17053,1,4255.00,4255.00,595.70
432,8,133,4,17054,1,6509.30,6509.30,1301.86
433,8,133,6,17054,1,2127.60,2127.60,404.24
434,5,141,1,17055,1,6771.78,6771.78,1083.48
435,6,30,1,17056,1,7524.20,7524.20,1730.57
436,6,30,9,17056,1,103.50,103.50,31.05
437,1,232,8,17056,1,143.82,143.82,31.64
438,7,178,2,17057,1,8280.90,8280.90,2981.12
439,7,178,3,17057,1,3616.75,3616.75,1085.03
440,7,178,9,17057,1,97.75,97.75,39.10
441,7,178,10,17057,1,135.00,135.00,43.20
442,4,136,2,17076,2,7820.85,15641.70,0.00
443,4,136,8,17076,1,188.00,188.00,1.88
444,7,185,2,17077,1,9201.00,9201.00,92.01
445,7,185,3,17077,1,2604.06,2604.06,0.00
446,7,185,8,17077,1,188.00,188.00,0.00
447,7,185,9,17077,1,103.50,103.50,0.00
448,3,120,4,17077,1,5858.37,5858.37,0.00
449,3,120,5,17077,1,2521.10,2521.10,0.00
450,3,120,10,17077,1,121.50,121.50,0.00
451,9,192,2,17078,1,8280.90,8280.90,248.43
452,4,31,2,17079,2,9201.00,18402.00,920.10
453,4,31,6,17079,1,2955.00,2955.00,118.20
454,9,191,4,17080,1,6509.30,6509.30,195.28
455,9,191,8,17080,1,188.00,188.00,13.16
456,4,218,3,17082,2,3616.75,7233.50,723.35
457,4,218,7,17082,1,155.00,155.00,15.50
458,4,218,9,17082,1,103.50,103.50,10.35
459,2,185,6,17083,1,2260.58,2260.58,226.06
460,2,185,7,17083,1,139.50,139.50,13.95
461,2,185,8,17083,1,188.00,188.00,22.56
462,3,31,3,17083,1,2893.40,2893.40,289.34
463,3,31,4,17083,2,7658.00,15316.00,1837.92
464,3,31,10,17083,1,103.28,103.28,15.49
465,8,153,6,17084,1,2260.58,2260.58,361.69
466,8,153,7,17084,1,131.75,131.75,22.40
467,8,153,8,17084,1,188.00,188.00,35.72
468,8,153,10,17084,1,121.50,121.50,20.66
469,9,152,5,17085,1,2521.10,2521.10,352.95
470,9,152,6,17085,1,2127.60,2127.60,297.86
471,9,152,8,17085,1,188.00,188.00,41.36
472,3,101,2,17086,2,8280.90,16561.80,3312.36
473,3,101,5,17086,1,2966.00,2966.00,563.54
474,8,8,7,17087,1,155.00,155.00,60.45
475,9,200,1,17087,1,8852.00,8852.00,2390.04
476,9,200,9,17087,1,97.75,97.75,31.28
477,9,200,10,17087,1,114.75,114.75,41.31
478,2,191,1,17108,1,7966.80,7966.80,0.00
479,2,191,4,17108,1,5858.37,5858.37,58.58
480,2,191,9,17108,1,115.00,115.00,0.00
481,1,185,1,17108,1,7524.20,7524.20,75.24
482,1,185,10,17108,2,114.75,229.50,2.29
483,7,233,1,17109,2,5417.42,10834.84,108.35
484,7,233,6,17109,1,2659.50,2659.50,53.19
485,7,233,9,17109,1,103.50,103.50,4.14
486,7,233,10,17109,1,108.00,108.00,5.40
487,9,191,5,17110,1,2966.00,2966.00,177.96
488,9,191,9,17110,1,82.80,82.80,0.83
489,2,100,9,17113,1,103.50,103.50,12.42
490,9,31,5,17113,1,2521.10,2521.10,302.53
491,9,31,7,17113,1,131.75,131.75,15.81
492,5,16,1,17114,1,8852.00,8852.00,1150.76
493,5,16,4,17114,1,6126.40,6126.40,918.96
494,5,16,7,17114,1,131.75,131.75,14.49
495,5,16,8,17114,1,159.80,159.80,22.37
496,5,16,9,17114,1,97.75,97.75,10.75
497,5,16,10,17114,1,114.75,114.75,12.62
498,3,185,3,17114,1,3616.75,3616.75,470.18
499,3,185,4,17114,1,6126.40,6126.40,735.17
500,3,185,5,17114,1,2966.00,2966.00,355.92
501,3,185,6,17114,1,2955.00,2955.00,413.70
502,3,185,7,17114,1,118.58,118.58,15.42
503,3,185,8,17114,1,143.82,143.82,20.13
504,3,185,9,17114,1,78.20,78.20,10.95
505,3,185,10,17114,1,103.28,103.28,10.33
506,8,131,5,17115,1,2966.00,2966.00,385.58
507,8,131,9,17115,2,115.00,230.00,32.20
508,8,131,10,17115,1,121.50,121.50,15.80
509,5,144,8,17117,1,159.80,159.80,47.94
510,7,75,1,17118,1,7524.20,7524.20,2407.74
511,7,75,5,17118,2,2966.00,5932.00,2313.48
512,7,75,7,17118,1,111.60,111.60,40.18
513,7,75,10,17118,1,103.28,103.28,33.05
514,4,255,3,17137,1,3255.08,3255.08,32.55
515,3,249,1,17137,1,6019.36,6019.36,60.19
516,3,249,10,17137,1,135.00,135.00,1.35
517,2,115,1,17138,1,7966.80,7966.80,79.67
518,2,115,5,17138,1,2966.00,2966.00,0.00
519,2,115,9,17138,1,87.98,87.98,0.00
520,2,115,10,17138,1,91.80,91.80,0.00
521,2,185,8,17139,1,159.80,159.80,1.60
522,2,185,9,17139,1,115.00,115.00,1.15
523,2,185,10,17139,1,114.75,114.75,6.89
524,2,218,1,17140,1,6771.78,6771.78,270.87
525,2,218,5,17140,2,2521.10,5042.20,302.53
526,2,218,8,17140,1,188.00,188.00,7.52
527,2,218,10,17140,1,121.50,121.50,4.86
528,10,233,3,17142,1,3255.08,3255.08,292.96
529,10,233,8,17142,1,143.82,143.82,12.94
530,10,32,2,17143,1,9201.00,9201.00,920.10
531,10,32,10,17143,1,121.50,121.50,13.37
532,2,79,5,17144,1,2268.99,2268.99,294.97
533,3,115,1,17144,1,6771.78,6771.78,744.90
534,3,115,3,17144,1,3829.50,3829.50,536.13
535,3,115,7,17144,1,139.50,139.50,13.95
536,3,115,9,17144,1,97.75,97.75,13.69
537,3,115,10,17144,1,135.00,135.00,18.90
538,6,233,3,17144,1,3616.75,3616.75,542.51
539,6,233,7,17144,1,131.75,131.75,14.49
540,6,233,9,17144,1,92.00,92.00,13.80
541,6,233,10,17144,1,114.75,114.75,11.48
542,2,217,8,17145,1,159.80,159.80,20.77
543,2,217,10,17145,1,103.28,103.28,13.43
544,5,142,10,17146,1,121.50,121.50,15.80
545,6,241,4,17147,1,6892.20,6892.20,1585.21
546,6,241,7,17147,1,131.75,131.75,35.57
547,6,241,8,17147,1,159.80,159.80,33.56
548,2,78,2,17147,1,8280.90,8280.90,1821.80
549,2,78,3,17147,1,4255.00,4255.00,936.10
550,2,78,8,17147,1,169.20,169.20,40.61
551,2,78,9,17147,1,103.50,103.50,21.74
552,2,78,10,17147,2,114.75,229.50,64.26
553,4,208,3,17148,2,4255.00,8510.00,2297.70
554,9,225,2,17148,2,7038.77,14077.54,4364.04
555,9,225,7,17148,1,131.75,131.75,47.43
556,9,225,9,17148,1,87.98,87.98,28.15
557,9,225,10,17148,1,121.50,121.50,35.24
558,8,15,8,17263,1,159.80,159.80,7.99
559,6,31,3,17265,1,3255.08,3255.08,227.86
560,6,31,9,17265,1,78.20,78.20,6.26
561,6,31,10,17265,1,114.75,114.75,9.18
562,2,192,5,17265,1,2966.00,2966.00,207.62
563,2,192,8,17265,1,188.00,188.00,15.04
564,2,192,10,17265,1,135.00,135.00,12.15
565,2,218,6,17266,2,2260.58,4521.16,497.33
566,8,218,10,17266,2,103.28,206.56,22.72
567,5,185,10,17267,1,97.20,97.20,10.69
568,7,185,7,17267,1,131.75,131.75,18.45
569,7,185,9,17267,1,97.75,97.75,14.66
570,1,100,3,17267,1,4255.00,4255.00,553.15
571,1,100,9,17267,1,97.75,97.75,9.78
572,1,100,10,17267,1,97.20,97.20,13.61
573,5,46,9,17268,1,115.00,115.00,17.25
574,10,75,10,17269,1,135.00,135.00,21.60
575,5,36,2,17269,1,7820.85,7820.85,1720.59
576,5,36,10,17269,1,114.75,114.75,20.66
577,3,33,7,17269,2,105.40,210.80,35.84
578,6,219,1,17270,2,7966.80,15933.60,3186.72
579,6,219,2,17270,2,8280.90,16561.80,4140.45
580,10,52,7,17270,1,105.40,105.40,20.03
581,8,38,3,17271,1,4255.00,4255.00,1233.95
582,8,38,10,17271,1,121.50,121.50,37.67
583,2,54,6,17290,1,2955.00,2955.00,0.00
584,2,74,1,17290,1,7524.20,7524.20,0.00
585,2,74,8,17290,1,127.84,127.84,0.00
586,3,192,5,17290,1,2521.10,2521.10,0.00
587,9,186,2,17292,1,7038.77,7038.77,351.94
588,10,79,6,17292,2,2511.75,5023.50,301.41
589,10,79,7,17292,1,139.50,139.50,5.58
590,6,47,1,17293,1,8852.00,8852.00,177.04
591,6,47,2,17293,1,8280.90,8280.90,414.05
592,6,47,8,17293,1,188.00,188.00,7.52
593,6,47,9,17293,1,92.00,92.00,0.92
594,6,47,10,17293,1,114.75,114.75,2.30
595,7,47,3,17293,1,4255.00,4255.00,255.30
596,7,47,9,17293,1,115.00,115.00,5.75
597,7,47,10,17293,2,135.00,270.00,16.20
598,3,105,8,17293,1,159.80,159.80,9.59
599,10,89,2,17294,1,9201.00,9201.00,644.07
600,10,89,5,17294,1,2016.88,2016.88,121.01
601,10,89,7,17294,1,131.75,131.75,6.59
602,7,91,2,17294,2,9201.00,18402.00,1104.12
603,7,91,8,17294,2,143.82,287.64,20.13
604,7,91,10,17294,1,97.20,97.20,6.80
605,6,185,2,17295,1,9201.00,9201.00,736.08
606,6,185,9,17295,1,97.75,97.75,8.80
607,6,185,10,17295,1,114.75,114.75,8.03
608,2,191,8,17295,1,169.20,169.20,13.54
609,9,115,2,17295,2,7038.77,14077.54,1407.75
610,9,115,3,17295,1,3829.50,3829.50,306.36
611,9,115,5,17295,1,2268.99,2268.99,226.90
612,9,115,8,17295,1,169.20,169.20,15.23
613,3,91,5,17295,1,2016.88,2016.88,161.35
614,4,100,3,17296,1,3616.75,3616.75,361.68
615,4,100,7,17296,1,155.00,155.00,17.05
616,4,100,10,17296,1,121.50,121.50,13.37
617,6,36,1,17298,1,8852.00,8852.00,1593.36
618,1,227,1,17299,1,7524.20,7524.20,1655.32
619,1,227,8,17299,1,150.40,150.40,19.55
620,10,127,3,17300,1,3829.50,3829.50,957.38
621,5,203,3,17300,2,4255.00,8510.00,2297.70
622,8,156,7,17301,1,118.58,118.58,41.50
623,8,156,10,17301,1,135.00,135.00,52.65
624,1,173,8,17321,1,159.80,159.80,1.60
625,1,173,10,17321,1,114.75,114.75,1.15
626,6,105,9,17323,1,92.00,92.00,2.76
627,6,105,10,17323,1,121.50,121.50,2.43
628,8,31,3,17323,1,4255.00,4255.00,85.10
629,8,31,6,17323,1,2511.75,2511.75,100.47
630,9,58,1,17324,2,7966.80,15933.60,956.02
631,9,58,3,17324,1,3829.50,3829.50,191.48
632,9,58,7,17324,1,131.75,131.75,6.59
633,9,58,8,17324,1,188.00,188.00,7.52
634,3,47,5,17324,1,2966.00,2966.00,118.64
635,3,47,8,17324,1,188.00,188.00,3.76
636,3,47,10,17324,1,135.00,135.00,2.70
637,6,115,6,17325,2,2659.50,5319.00,159.57
638,6,115,7,17325,1,124.00,124.00,4.96
639,6,115,8,17325,1,150.40,150.40,6.02
640,4,31,4,17327,1,6892.20,6892.20,689.22
641,4,31,8,17327,1,115.06,115.06,11.51
642,1,74,6,17327,1,2955.00,2955.00,354.60
643,6,115,5,17328,2,2966.00,5932.00,771.16
644,6,115,8,17328,1,143.82,143.82,21.57
645,6,32,2,17328,1,7038.77,7038.77,844.65
646,6,32,3,17328,1,3829.50,3829.50,459.54
647,6,32,4,17328,2,6509.30,13018.60,1301.86
648,6,32,5,17328,1,2966.00,2966.00,385.58
649,10,126,7,17329,1,155.00,155.00,20.15
650,10,126,8,17329,1,169.20,169.20,25.38
651,7,46,9,17329,2,87.98,175.96,22.87
652,2,84,2,17330,1,7820.85,7820.85,1407.75
653,2,84,4,17330,1,5513.76,5513.76,992.48
654,2,84,8,17330,1,188.00,188.00,30.08
655,9,35,5,17330,1,2521.10,2521.10,630.28
656,9,35,10,17330,1,135.00,135.00,33.75
657,8,126,7,17332,1,118.58,118.58,41.50
658,8,126,8,17332,1,159.80,159.80,44.74
659,8,126,9,17332,1,97.75,97.75,28.35
660,8,126,10,17332,1,114.75,114.75,34.43
661,2,58,1,17352,1,8852.00,8852.00,88.52
662,2,58,5,17352,1,2268.99,2268.99,22.69
663,2,58,8,17352,1,169.20,169.20,0.00
664,10,74,3,17353,1,3616.75,3616.75,36.17
665,10,27,2,17354,1,7820.85,7820.85,391.04
666,10,27,3,17354,1,3616.75,3616.75,36.17
667,10,27,5,17354,1,2268.99,2268.99,45.38
668,10,27,6,17354,1,2955.00,2955.00,59.10
669,10,27,8,17354,1,169.20,169.20,6.77
670,10,27,9,17354,1,92.00,92.00,5.52
671,10,27,10,17354,2,121.50,243.00,14.58
672,5,74,2,17355,2,7820.85,15641.70,625.67
673,5,74,7,17355,1,155.00,155.00,6.20
674,5,74,10,17355,1,114.75,114.75,6.89
675,3,249,2,17356,2,7820.85,15641.70,469.25
676,3,249,3,17356,1,3616.75,3616.75,253.17
677,3,249,10,17356,2,135.00,270.00,8.10
678,1,58,5,17356,1,2268.99,2268.99,90.76
679,7,115,1,17357,1,8852.00,8852.00,619.64
680,10,54,1,17358,1,7524.20,7524.20,752.42
681,10,54,4,17358,1,6892.20,6892.20,689.22
682,9,238,1,17360,1,8852.00,8852.00,1327.80
683,9,238,9,17360,1,103.50,103.50,19.67
684,5,72,6,17362,1,2511.75,2511.75,502.35
685,10,162,8,17362,2,159.80,319.60,60.72
686,8,148,1,17363,1,8852.00,8852.00,2390.04
687,8,148,3,17363,1,4255.00,4255.00,1063.75
688,8,148,7,17363,1,131.75,131.75,38.21
689,8,148,9,17363,1,97.75,97.75,27.37
690,8,148,10,17363,1,103.28,103.28,29.95
691,10,191,2,17383,1,7820.85,7820.85,78.21
692,4,74,4,17385,1,6509.30,6509.30,390.56
693,4,218,1,17387,1,7524.20,7524.20,677.18
694,4,218,8,17387,1,150.40,150.40,15.04
695,1,31,1,17388,1,7524.20,7524.20,827.66
696,6,162,2,17389,1,7820.85,7820.85,1094.92
697,6,162,4,17389,1,5858.37,5858.37,820.17
698,6,162,10,17389,1,135.00,135.00,13.50
699,1,79,1,17389,1,6019.36,6019.36,842.71
700,1,79,3,17389,1,4255.00,4255.00,595.70
701,1,79,10,17389,1,135.00,135.00,17.55
702,7,114,3,17391,1,3616.75,3616.75,868.02
703,7,114,4,17391,1,6509.30,6509.30,781.12
704,9,156,4,17393,1,6892.20,6892.20,1860.89
705,9,156,6,17393,1,2009.40,2009.40,803.76
706,10,33,5,17393,2,2966.00,5932.00,2254.16
707,7,238,10,17393,1,103.28,103.28,26.85
708,9,233,3,17413,1,3255.08,3255.08,32.55
709,9,233,8,17413,1,188.00,188.00,1.88
710,9,233,9,17413,1,97.75,97.75,0.00
711,2,74,1,17413,1,8852.00,8852.00,0.00
712,2,74,8,17413,1,127.84,127.84,0.00
713,8,27,3,17414,1,3616.75,3616.75,0.00
714,8,27,7,17414,1,155.00,155.00,1.55
715,8,27,10,17414,1,114.75,114.75,0.00
716,3,54,5,17414,1,2521.10,2521.10,0.00
717,3,54,9,17414,1,87.98,87.98,0.00
718,7,218,8,17414,1,135.36,135.36,0.00
719,7,218,9,17414,1,87.98,87.98,0.88
720,7,218,10,17414,1,135.00,135.00,0.00
721,4,186,1,17416,1,5417.42,5417.42,54.17
722,4,186,9,17416,1,115.00,115.00,1.15
723,6,105,7,17416,1,131.75,131.75,3.95
724,6,105,8,17416,1,169.20,169.20,1.69
725,6,105,9,17416,1,97.75,97.75,1.96
726,6,105,10,17416,1,108.00,108.00,3.24
727,5,120,1,17418,1,7966.80,7966.80,637.34
728,5,120,2,17418,1,7360.80,7360.80,736.08
729,5,120,9,17418,1,82.80,82.80,6.62
730,5,120,10,17418,1,121.50,121.50,8.51
731,4,32,4,17419,1,6126.40,6126.40,735.17
732,4,32,5,17419,2,2521.10,5042.20,605.06
733,3,84,1,17420,1,8852.00,8852.00,1150.76
734,3,84,3,17420,1,4255.00,4255.00,595.70
735,3,84,8,17420,1,188.00,188.00,22.56
736,2,17,9,17423,1,103.50,103.50,23.81
737,2,49,2,17424,1,8280.90,8280.90,2153.03
738,2,49,7,17424,1,155.00,155.00,60.45
739,4,168,1,17424,1,6771.78,6771.78,2234.69
740,4,168,4,17424,1,6892.20,6892.20,2067.66
741,4,168,6,17424,1,2955.00,2955.00,1182.00
742,1,249,6,17443,2,2955.00,5910.00,0.00
743,7,191,6,17443,1,2260.58,2260.58,22.61
744,4,191,4,17444,1,6509.30,6509.30,65.09
745,4,191,8,17444,1,169.20,169.20,1.69
746,8,89,5,17446,1,2521.10,2521.10,100.84
747,8,89,6,17446,1,2659.50,2659.50,106.38
748,2,186,1,17447,1,7524.20,7524.20,376.21
749,2,186,5,17447,1,2268.99,2268.99,113.45
750,2,186,8,17447,1,188.00,188.00,7.52
751,2,186,9,17447,1,82.80,82.80,2.48
752,2,186,10,17447,1,114.75,114.75,6.89
753,1,81,5,17450,2,2521.10,5042.20,504.22
754,1,81,6,17450,1,2955.00,2955.00,443.25
755,3,252,5,17450,1,2521.10,2521.10,302.53
756,3,252,6,17450,1,2955.00,2955.00,413.70
757,3,252,7,17450,1,118.58,118.58,11.86
758,3,252,8,17450,1,188.00,188.00,18.80
759,10,107,4,17450,1,6509.30,6509.30,911.30
760,10,107,6,17450,1,2364.00,2364.00,307.32
761,10,107,9,17450,1,103.50,103.50,12.42
762,9,232,3,17451,1,3255.08,3255.08,488.26
763,10,24,5,17452,1,2521.10,2521.10,579.85
764,10,24,9,17452,1,97.75,97.75,21.51
765,2,19,5,17452,1,2521.10,2521.10,504.22
766,2,19,10,17452,1,135.00,135.00,16.20
767,4,198,1,17453,1,5417.42,5417.42,975.14
768,4,198,2,17453,1,9201.00,9201.00,2300.25
769,4,198,8,17453,1,127.84,127.84,26.85
770,4,117,2,17453,1,7360.80,7360.80,1913.81
771,4,117,6,17453,1,2260.58,2260.58,497.33
772,4,117,7,17453,1,139.50,139.50,33.48
773,4,117,8,17453,1,143.82,143.82,33.08
774,4,117,9,17453,1,103.50,103.50,26.91
775,9,224,5,17453,1,2669.40,2669.40,747.43
776,10,42,4,17454,2,6892.20,13784.40,5100.23
777,10,42,7,17454,1,124.00,124.00,34.72
778,10,42,8,17454,1,150.40,150.40,60.16
779,9,249,5,17474,1,2016.88,2016.88,0.00
780,9,249,6,17474,1,2511.75,2511.75,25.12
781,9,249,7,17474,1,94.86,94.86,0.95
782,9,249,9,17474,1,87.98,87.98,0.88
783,4,218,4,17474,1,6892.20,6892.20,68.92
784,4,218,9,17474,1,115.00,115.00,1.15
785,4,218,10,17474,1,121.50,121.50,1.22
786,2,249,6,17476,1,2364.00,2364.00,23.64
787,2,249,8,17476,1,143.82,143.82,4.31
788,2,249,10,17476,1,135.00,135.00,2.70
789,7,249,4,17476,1,4686.70,4686.70,93.73
790,7,249,7,17476,1,118.58,118.58,1.19
791,1,27,1,17476,2,8852.00,17704.00,1062.24
792,1,27,10,17476,1,114.75,114.75,3.44
793,6,54,8,17476,1,143.82,143.82,2.88
794,7,218,3,17477,2,2893.40,5786.80,231.47
795,1,173,6,17477,1,2127.60,2127.60,85.10
796,1,173,10,17477,1,114.75,114.75,6.89
797,9,89,1,17478,1,7524.20,7524.20,225.73
798,9,89,4,17478,1,5858.37,5858.37,234.33
799,9,89,8,17478,1,188.00,188.00,9.40
800,3,218,9,17480,2,115.00,230.00,23.00
801,3,63,1,17481,1,6019.36,6019.36,662.13
802,3,63,3,17481,1,3616.75,3616.75,470.18
803,3,63,4,17481,1,7658.00,7658.00,842.38
804,3,63,6,17481,1,2009.40,2009.40,301.41
805,3,63,10,17481,1,135.00,135.00,13.50
806,1,210,3,17483,1,3255.08,3255.08,651.02
807,7,124,4,17484,1,5858.37,5858.37,1171.67
808,7,124,8,17484,1,169.20,169.20,37.22
809,5,255,1,17484,1,7081.60,7081.60,1628.77
810,5,255,2,17484,1,7820.85,7820.85,1955.21
811,5,255,4,17484,2,5858.37,11716.74,3046.35
812,5,255,7,17484,1,139.50,139.50,25.11
813,5,255,8,17484,1,159.80,159.80,33.56
814,5,255,9,17484,1,97.75,97.75,27.37
815,2,65,1,17485,1,7524.20,7524.20,2859.20
816,2,65,2,17485,1,9201.00,9201.00,3312.36
817,2,65,7,17485,1,155.00,155.00,51.15
818,2,65,9,17485,1,115.00,115.00,43.70
819,2,103,4,17485,1,7658.00,7658.00,2220.82
820,2,103,5,17485,1,2669.40,2669.40,694.04
821,2,103,9,17485,1,87.98,87.98,33.43
822,4,74,1,17505,1,8852.00,8852.00,88.52
823,4,74,4,17505,1,6892.20,6892.20,0.00
824,4,74,9,17505,1,78.20,78.20,0.00
825,4,58,1,17505,1,6771.78,6771.78,67.72
826,4,58,6,17505,1,2009.40,2009.40,0.00
827,4,58,8,17505,1,159.80,159.80,1.60
828,3,79,1,17505,2,7081.60,14163.20,0.00
829,3,79,10,17505,1,121.50,121.50,0.00
830,5,58,10,17506,1,114.75,114.75,0.00
831,3,105,1,17506,2,8852.00,17704.00,0.00
832,3,105,8,17506,1,169.20,169.20,1.69
833,3,105,9,17506,1,78.20,78.20,0.78
834,3,105,10,17506,1,121.50,121.50,0.00
835,5,31,3,17506,1,3616.75,3616.75,36.17
836,5,31,7,17506,1,118.58,118.58,0.00
837,5,31,10,17506,1,103.28,103.28,1.03
838,2,173,5,17509,1,2966.00,2966.00,207.62
839,2,173,8,17509,1,143.82,143.82,7.19
840,2,173,9,17509,1,97.75,97.75,3.91
841,6,47,8,17510,1,188.00,188.00,16.92
842,5,238,1,17513,1,6373.44,6373.44,892.28
843,5,238,5,17513,1,2669.40,2669.40,427.10
844,5,238,6,17513,1,2511.75,2511.75,401.88
845,5,238,10,17513,1,121.50,121.50,17.01
846,2,101,1,17515,1,7524.20,7524.20,1504.84
847,2,101,4,17515,2,6509.30,13018.60,2733.91
848,2,101,9,17515,1,70.38,70.38,16.89
849,6,230,7,17515,1,118.58,118.58,23.72
850,6,230,8,17515,1,169.20,169.20,45.68
851,6,230,10,17515,1,135.00,135.00,36.45
852,1,238,6,17516,2,2511.75,5023.50,1306.11
853,1,238,8,17516,1,159.80,159.80,63.92
854,10,91,1,17628,1,8852.00,8852.00,0.00
855,10,91,7,17628,1,155.00,155.00,1.55
856,1,120,7,17629,1,118.58,118.58,2.37
857,1,120,9,17629,1,115.00,115.00,1.15
858,9,120,5,17631,1,2521.10,2521.10,75.63
859,1,54,2,17631,1,9201.00,9201.00,552.06
860,7,79,3,17632,2,3616.75,7233.50,651.02
861,7,79,10,17632,1,114.75,114.75,8.03
862,9,233,1,17633,1,8852.00,8852.00,1062.24
863,9,233,3,17633,1,4255.00,4255.00,425.50
864,9,233,6,17633,1,2955.00,2955.00,295.50
865,7,173,6,17633,1,2955.00,2955.00,295.50
866,1,154,1,17635,1,8852.00,8852.00,1593.36
867,1,154,5,17635,1,2521.10,2521.10,378.17
868,1,154,9,17635,1,115.00,115.00,23.00
869,10,30,7,17635,1,155.00,155.00,20.15
870,10,30,8,17635,1,169.20,169.20,23.69
871,10,30,9,17635,1,115.00,115.00,20.70
872,9,63,4,17636,1,6126.40,6126.40,918.96
873,9,63,7,17636,1,155.00,155.00,31.00
874,9,63,9,17636,1,87.98,87.98,11.44
875,9,190,2,17636,1,7820.85,7820.85,1720.59
876,9,190,8,17636,1,169.20,169.20,20.30
877,9,190,9,17636,1,70.38,70.38,14.78
878,5,138,6,17637,1,2955.00,2955.00,620.55
879,6,224,2,17638,2,9201.00,18402.00,6256.68
880,5,31,5,17658,2,2966.00,5932.00,0.00
881,10,47,7,17660,1,155.00,155.00,4.65
882,2,15,4,17661,1,7658.00,7658.00,153.16
883,2,15,5,17661,1,2521.10,2521.10,75.63
884,2,15,9,17661,1,97.75,97.75,0.98
885,2,15,10,17661,1,108.00,108.00,6.48
886,10,100,6,17661,1,2659.50,2659.50,53.19
887,10,100,7,17661,1,94.86,94.86,3.79
888,10,100,8,17661,1,159.80,159.80,4.79
889,5,218,3,17661,1,3829.50,3829.50,76.59
890,5,218,4,17661,1,6509.30,6509.30,130.19
891,5,218,8,17661,1,188.00,188.00,3.76
892,5,218,9,17661,1,97.75,97.75,3.91
893,5,218,10,17661,2,103.28,206.56,2.07
894,1,54,7,17663,1,139.50,139.50,9.76
895,7,255,1,17666,2,6771.78,13543.56,2437.84
896,3,106,3,17666,1,4255.00,4255.00,553.15
897,3,106,10,17666,1,103.28,103.28,19.62
898,6,177,7,17668,1,155.00,155.00,43.40
899,6,177,8,17668,1,169.20,169.20,33.84
900,1,105,1,17688,1,6771.78,6771.78,0.00
901,1,105,3,17688,1,3829.50,3829.50,0.00
902,1,105,6,17688,1,2364.00,2364.00,23.64
903,1,105,10,17688,1,114.75,114.75,1.15
904,2,249,5,17688,1,2669.40,2669.40,26.69
905,2,249,7,17688,1,131.75,131.75,0.00
906,2,249,8,17688,1,188.00,188.00,0.00
907,5,233,1,17690,2,6771.78,13543.56,406.31
908,5,233,2,17690,2,6624.72,13249.44,132.49
909,5,233,6,17690,1,2260.58,2260.58,135.63
910,5,233,8,17690,1,150.40,150.40,9.02
911,5,233,9,17690,1,103.50,103.50,2.07
912,2,89,5,17690,1,2268.99,2268.99,45.38
913,2,89,8,17690,1,159.80,159.80,1.60
914,10,115,3,17692,1,3616.75,3616.75,108.50
915,10,115,7,17692,1,124.00,124.00,8.68
916,10,115,10,17692,1,97.20,97.20,3.89
917,2,120,7,17692,2,155.00,310.00,9.30
918,4,249,7,17692,1,131.75,131.75,6.59
919,3,100,7,17692,1,111.60,111.60,5.58
920,3,100,8,17692,1,159.80,159.80,7.99
921,3,100,9,17692,1,103.50,103.50,4.14
922,3,100,10,17692,1,121.50,121.50,3.65
923,2,136,1,17693,1,8852.00,8852.00,796.68
924,2,136,4,17693,2,6892.20,13784.40,964.91
925,2,136,9,17693,1,115.00,115.00,8.05
926,6,89,1,17694,2,7524.20,15048.40,1805.81
927,7,182,3,17698,2,3829.50,7659.00,1608.39
928,7,182,6,17698,1,2955.00,2955.00,827.40
929,9,42,1,17698,1,7524.20,7524.20,1881.05
930,9,42,5,17698,1,2966.00,2966.00,533.88
931,9,42,8,17698,1,143.82,143.82,27.33
932,9,25,1,17726,1,7966.80,7966.80,1035.68
933,9,25,2,17726,1,7038.77,7038.77,985.43
934,9,25,7,17726,1,111.60,111.60,13.39
935,9,25,9,17726,1,115.00,115.00,11.50
936,9,25,10,17726,1,114.75,114.75,11.48
937,10,20,6,17728,1,2260.58,2260.58,565.15
938,10,20,9,17728,1,115.00,115.00,19.55
939,8,246,5,17728,1,2966.00,2966.00,711.84
940,8,246,10,17728,1,114.75,114.75,28.69
